labels,a.7dfl
"x2ee, x3ee, x4ee, x5ee, x6ee, x7ee",397.20
